0.0,
-1.0,
-1.0,
1.0,
5.0,
9.0,
9.0,
6.0,
0.0,
-6.0,
-10.0,
-10.0,
-6.0,
-1.0,
2.0,
2.0,
0.0,
-2.0,
-2.0,
1.0,
8.0,
14.0,
15.0,
10.0,
0.0,
-11.0,
-18.0,
-18.0,
-11.0,
-2.0,
3.0,
4.0,
0.0,
-4.0,
-4.0,
3.0,
16.0,
27.0,
29.0,
19.0,
0.0,
-21.0,
-34.0,
-34.0,
-21.0,
-4.0,
6.0,
7.0,
0.0,
-8.0,
-7.0,
6.0,
28.0,
48.0,
52.0,
35.0,
0.0,
-37.0,
-60.0,
-59.0,
-37.0,
-8.0,
11.0,
13.0,
0.0,
-14.0,
-13.0,
10.0,
49.0,
82.0,
89.0,
58.0,
0.0,
-62.0,
-100.0,
-99.0,
-62.0,
-14.0,
19.0,
22.0,
0.0,
-23.0,
-21.0,
16.0,
79.0,
132.0,
143.0,
93.0,
0.0,
-99.0,
-160.0,
-157.0,
-99.0,
-22.0,
30.0,
35.0,
0.0,
-37.0,
-34.0,
26.0,
124.0,
208.0,
225.0,
147.0,
0.0,
-156.0,
-252.0,
-248.0,
-156.0,
-35.0,
48.0,
55.0,
0.0,
-58.0,
-54.0,
41.0,
198.0,
334.0,
361.0,
238.0,
0.0,
-254.0,
-411.0,
-406.0,
-258.0,
-57.0,
80.0,
92.0,
0.0,
-100.0,
-93.0,
72.0,
347.0,
590.0,
645.0,
430.0,
0.0,
-471.0,
-775.0,
-779.0,
-503.0,
-115.0,
164.0,
193.0,
0.0,
-221.0,
-214.0,
171.0,
858.0,
1530.0,
1765.0,
1254.0,
0.0,
-1617.0,
-2959.0,
-3396.0,
-2605.0,
-754.0,
1526.0,
3383.0,
4095.0,
3383.0,
1526.0,
-754.0,
-2605.0,
-3396.0,
-2959.0,
-1617.0,
0.0,
1254.0,
1765.0,
1530.0,
858.0,
171.0,
-214.0,
-221.0,
0.0,
193.0,
164.0,
-115.0,
-503.0,
-779.0,
-775.0,
-471.0,
0.0,
430.0,
645.0,
590.0,
347.0,
72.0,
-93.0,
-100.0,
0.0,
92.0,
80.0,
-57.0,
-258.0,
-406.0,
-411.0,
-254.0,
0.0,
238.0,
361.0,
334.0,
198.0,
41.0,
-54.0,
-58.0,
0.0,
55.0,
48.0,
-35.0,
-156.0,
-248.0,
-252.0,
-156.0,
0.0,
147.0,
225.0,
208.0,
124.0,
26.0,
-34.0,
-37.0,
0.0,
35.0,
30.0,
-22.0,
-99.0,
-157.0,
-160.0,
-99.0,
0.0,
93.0,
143.0,
132.0,
79.0,
16.0,
-21.0,
-23.0,
0.0,
22.0,
19.0,
-14.0,
-62.0,
-99.0,
-100.0,
-62.0,
0.0,
58.0,
89.0,
82.0,
49.0,
10.0,
-13.0,
-14.0,
0.0,
13.0,
11.0,
-8.0,
-37.0,
-59.0,
-60.0,
-37.0,
0.0,
35.0,
52.0,
48.0,
28.0,
6.0,
-7.0,
-8.0,
0.0,
7.0,
6.0,
-4.0,
-21.0,
-34.0,
-34.0,
-21.0,
0.0,
19.0,
29.0,
27.0,
16.0,
3.0,
-4.0,
-4.0,
0.0,
4.0,
3.0,
-2.0,
-11.0,
-18.0,
-18.0,
-11.0,
0.0,
10.0,
15.0,
14.0,
8.0,
1.0,
-2.0,
-2.0,
0.0,
2.0,
2.0,
-1.0,
-6.0,
-10.0,
-10.0,
-6.0,
0.0,
6.0,
9.0,
9.0,
5.0,
1.0,
-1.0,
-1.0,
