0.0,
-2.0,
-3.0,
-4.0,
-5.0,
-5.0,
-3.0,
-2.0,
0.0,
2.0,
4.0,
5.0,
6.0,
6.0,
4.0,
2.0,
0.0,
-2.0,
-5.0,
-7.0,
-8.0,
-8.0,
-6.0,
-3.0,
0.0,
3.0,
7.0,
10.0,
11.0,
11.0,
8.0,
5.0,
0.0,
-5.0,
-10.0,
-14.0,
-16.0,
-15.0,
-12.0,
-6.0,
0.0,
7.0,
14.0,
19.0,
21.0,
20.0,
16.0,
9.0,
0.0,
-9.0,
-19.0,
-25.0,
-28.0,
-27.0,
-21.0,
-12.0,
0.0,
13.0,
25.0,
33.0,
37.0,
36.0,
28.0,
16.0,
0.0,
-17.0,
-32.0,
-43.0,
-49.0,
-46.0,
-36.0,
-20.0,
0.0,
21.0,
41.0,
56.0,
62.0,
59.0,
46.0,
26.0,
0.0,
-27.0,
-52.0,
-71.0,
-79.0,
-75.0,
-59.0,
-32.0,
0.0,
34.0,
66.0,
89.0,
99.0,
94.0,
74.0,
41.0,
0.0,
-43.0,
-83.0,
-111.0,
-124.0,
-118.0,
-93.0,
-51.0,
0.0,
54.0,
104.0,
140.0,
156.0,
149.0,
117.0,
65.0,
0.0,
-69.0,
-132.0,
-178.0,
-198.0,
-189.0,
-149.0,
-83.0,
0.0,
89.0,
170.0,
230.0,
258.0,
246.0,
195.0,
109.0,
0.0,
-118.0,
-226.0,
-308.0,
-347.0,
-334.0,
-267.0,
-151.0,
0.0,
165.0,
321.0,
441.0,
503.0,
491.0,
398.0,
229.0,
0.0,
-261.0,
-518.0,
-730.0,
-858.0,
-867.0,
-731.0,
-440.0,
0.0,
568.0,
1226.0,
1924.0,
2605.0,
3212.0,
3689.0,
3994.0,
4099.0,
3994.0,
3689.0,
3212.0,
2605.0,
1924.0,
1226.0,
568.0,
0.0,
-440.0,
-731.0,
-867.0,
-858.0,
-730.0,
-518.0,
-261.0,
0.0,
229.0,
398.0,
491.0,
503.0,
441.0,
321.0,
165.0,
0.0,
-151.0,
-267.0,
-334.0,
-347.0,
-308.0,
-226.0,
-118.0,
0.0,
109.0,
195.0,
246.0,
258.0,
230.0,
170.0,
89.0,
0.0,
-83.0,
-149.0,
-189.0,
-198.0,
-178.0,
-132.0,
-69.0,
0.0,
65.0,
117.0,
149.0,
156.0,
140.0,
104.0,
54.0,
0.0,
-51.0,
-93.0,
-118.0,
-124.0,
-111.0,
-83.0,
-43.0,
0.0,
41.0,
74.0,
94.0,
99.0,
89.0,
66.0,
34.0,
0.0,
-32.0,
-59.0,
-75.0,
-79.0,
-71.0,
-52.0,
-27.0,
0.0,
26.0,
46.0,
59.0,
62.0,
56.0,
41.0,
21.0,
0.0,
-20.0,
-36.0,
-46.0,
-49.0,
-43.0,
-32.0,
-17.0,
0.0,
16.0,
28.0,
36.0,
37.0,
33.0,
25.0,
13.0,
0.0,
-12.0,
-21.0,
-27.0,
-28.0,
-25.0,
-19.0,
-9.0,
0.0,
9.0,
16.0,
20.0,
21.0,
19.0,
14.0,
7.0,
0.0,
-6.0,
-12.0,
-15.0,
-16.0,
-14.0,
-10.0,
-5.0,
0.0,
5.0,
8.0,
11.0,
11.0,
10.0,
7.0,
3.0,
0.0,
-3.0,
-6.0,
-8.0,
-8.0,
-7.0,
-5.0,
-2.0,
0.0,
2.0,
4.0,
6.0,
6.0,
5.0,
4.0,
2.0,
0.0,
-2.0,
-3.0,
-5.0,
-5.0,
-4.0,
-3.0,
-2.0,
