5.433123195802947e-18,
4.626994084452354e-05,
5.5763960249672164e-05,
2.069049738657332e-05,
-3.116648375593906e-05,
-5.8428654594511026e-05,
-3.9099778759014665e-05,
1.1710606535015548e-05,
5.3578332445379305e-05,
5.2885260738974776e-05,
9.77901864756814e-06,
-4.162093286763105e-05,
-6.019361554476787e-05,
-3.0672991143885485e-05,
2.3829543281442957e-05,
5.988870611231058e-05,
4.832122715355234e-05,
-2.2290981461710623e-06,
-5.1711572681482545e-05,
-6.035864207576529e-05,
-2.060486912616538e-05,
3.635204038170234e-05,
6.499588559061821e-05,
4.182030322403896e-05,
-1.5418247312747156e-05,
-6.126318566738659e-05,
-5.861170607099564e-05,
-8.700651754278505e-06,
4.917687348042589e-05,
6.856074698341076e-05,
3.3072565828193454e-05,
-2.9803061290943602e-05,
-6.995743747256553e-05,
-5.454347305670869e-05,
5.201432333084616e-06,
6.206269069363349e-05,
7.011183710458439e-05,
2.1756084934145928e-05,
-4.527513616748818e-05,
-7.731694406191422e-05,
-4.768267274949166e-05,
2.1171981277455154e-05,
7.459502084154236e-05,
6.906551861862487e-05,
7.5944785542974464e-06,
-6.155520947045672e-05,
-8.270714899422201e-05,
-3.75471142652138e-05,
3.913167564210294e-05,
8.616845891955894e-05,
6.476472925845846e-05,
-9.578770493991489e-06,
-7.815615423289542e-05,
-8.535792054920494e-05,
-2.37072045431345e-05,
5.8797641142161314e-05,
9.598760531533337e-05,
5.653489085887864e-05,
-2.9754591485580245e-05,
-9.436168903924824e-05,
-8.440529594543075e-05,
-5.8575297288860605e-06,
7.964064029944e-05,
0.00010308909079174401,
4.3753966140704304e-05,
-5.268713063726302e-05,
-0.00010922484380601917,
-7.895219118234533e-05,
1.6108991912891663e-05,
0.00010085844651391908,
0.00010638552026458085,
2.5932244919129108e-05,
-7.784319591141678e-05,
-0.00012158900495258072,
-6.814526526469727e-05,
4.203059480335772e-05,
0.00012136996679828044,
0.00010473050522018129,
2.7962509631123787e-06,
-0.00010436819674076467,
-0.00013013285612052195,
-5.126358777170878e-05,
7.141631485736667e-05,
0.0001398335044769559,
9.700223228064986e-05,
-2.5629709917243187e-05,
-0.0001310737353299582,
-0.00013343881841263477,
-2.781341898892006e-05,
0.0001034022006603197,
0.000154691048476017,
8.220134756370275e-05,
-5.895131348725066e-05,
-0.00015645088855800526,
-0.00013008278125340293,
2.377625785335008e-06,
0.00013672989523587646,
0.00016423872349759393,
5.955743846489156e-05,
-9.634826651780815e-05,
-0.00017871173270177205,
-0.0001187411168247753,
3.9074404250568796e-05,
0.0001697523560238503,
0.0001667216373229567,
2.8637176221720878e-05,
-0.00013654115627285477,
-0.00019585988350917584,
-9.830930760648993e-05,
8.156363593857813e-05,
0.00020047003082515854,
0.00016044943393190574,
-1.055365852858718e-05,
-0.0001777866739976594,
-0.00020578885027004842,
-6.802510515124531e-05,
0.00012860611547101607,
0.00022659901759512806,
0.00014392702788576707,
-5.748243074240404e-05,
-0.0002179053966896752,
-0.00020640495035532944,
-2.7588086069538528e-05,
0.00017841820050738737,
0.00024567070022481994,
0.00011599338058673662,
-0.0001110242268673196,
-0.00025434453327877773,
-0.00019576952686621568,
2.27331315982412e-05,
0.0002286877226346043,
0.0002551601851287102,
7.595989933892787e-05,
-0.00016942613532494884,
-0.0002842759628577823,
-0.00017225338663616526,
8.201483510454677e-05,
0.00027662772983095575,
0.00025263869283440147,
2.3739197552344557e-05,
-0.00023030743231272803,
-0.0003047276250163062,
-0.00013469485460165662,
0.0001486216824120025,
0.0003190693725504299,
0.00023594301991708265,
-4.004537068588393e-05,
-0.0002907002042796799,
-0.00031274399417229623,
-8.255173711055287e-05,
0.0002201870129784226,
0.00035259289848528757,
0.00020335341353892246,
-0.00011397874309158101,
-0.0003471328540926696,
-0.00030556911990457943,
-1.603689520209961e-05,
0.0002936357677577308,
0.0003736932508915697,
0.00015376981839420922,
-0.0001958102529893901,
-0.0003957565387814842,
-0.0002808436849515466,
6.3772882531046e-05,
0.0003652537461544432,
0.00037897431316552207,
8.687557190573047e-05,
-0.0002824538927993026,
-0.0004325119969835937,
-0.0002368058572063563,
0.0001548644120870037,
0.0004308045102012596,
0.0003653635554913434,
3.2773218652613643e-06,
-0.0003700378788967549,
-0.0004533315856303165,
-0.00017248451308497304,
0.00025426053026584303,
0.0004856925665752085,
0.0003303368629869066,
-9.53897248787931e-05,
-0.00045400626388470664,
-0.00045436880997841114,
-8.787278666289562e-05,
0.0003580440624914771,
0.0005251686558567178,
0.0002721417932236283,
-0.00020640112431101918,
-0.0005292726098147801,
-0.00043224535246759346,
1.5930076948713485e-05,
0.00046143768186531744,
0.0005445702105119403,
0.00019000653963584097,
-0.00032593536196991565,
-0.0005904228039130149,
-0.00038430373066249075,
0.00013661987713773355,
0.0005589412576893478,
0.0005395874692042378,
8.432155503784456e-05,
-0.0004491249291763409,
-0.0006319611226911655,
-0.0003088523735223736,
0.00027064154286899624,
0.0006445252687154378,
0.0005065435129685544,
-4.321882755604843e-05,
-0.0005701696731290658,
-0.0006485907970935037,
-0.0002053892053539853,
0.00041320403043811505,
0.0007118757063300416,
0.0004426747642110966,
-0.00018952633238018663,
-0.0006825127180930368,
-0.0006355177681097888,
-7.478984406420673e-05,
0.0005583613121526084,
0.0007546827852717018,
0.0003463973874133318,
-0.0003500899815735421,
-0.0007790759717662458,
-0.0005887642088117629,
8.055270564931861e-05,
0.0006991616752487454,
0.0007669628900008372,
0.0002175446473374239,
-0.0005190159311358846,
-0.0008525489022686036,
-0.0005054768678478159,
0.00025664845318923966,
0.0008278641816388346,
0.0007434006860552643,
5.7560678107302675e-05,
-0.0006891401989912723,
-0.0008957210787725916,
-0.00038421447855095664,
0.0004479002614010525,
0.0009362176292652207,
0.0006796963776613862,
-0.00013036268303982917,
-0.0008522151787171275,
-0.0009018460962638605,
-0.00022519846201069814,
0.0006471695926286009,
0.0010157938899257994,
0.0005729018341881238,
-0.00034121736004787465,
-0.0009991671845748472,
-0.0008650221284053965,
-3.051197885191039e-05,
0.0008459212428228073,
0.0010583642687233019,
0.000421728848263678,
-0.0005681874584557775,
-0.001120418565440748,
-0.0007805726314082556,
0.0001957659410458691,
0.0010344464005658774,
0.001056304726863328,
0.00022681320187017894,
-0.0008027399759489143,
-0.0012062643541133596,
-0.0006454097907795477,
0.0004475019752288939,
0.001202159444533162,
0.0010030136109448562,
-9.080461221237873e-06,
-0.001034799330417231,
-0.0012472901842543128,
-0.00045836326513718693,
0.0007165333540375262,
0.0013379599861182289,
0.0008933240967981608,
-0.0002809257325613517,
-0.001253003108359512,
-0.0012348155032997135,
-0.00022045770494534436,
0.0009927796907807458,
0.0014306479758764757,
0.0007238930163805004,
-0.0005813831948909266,
-0.0014450321772262581,
-0.001161344113966946,
6.487555906944425e-05,
0.0012644411810537807,
0.0014693764215227333,
0.0004935481937132201,
-0.0009008366528093819,
-0.0015980041013237043,
-0.001021002944603438,
0.00039166435360850696,
0.001518277891673179,
0.0014441235954538148,
0.00020357794112456706,
-0.0012275180894472896,
-0.0016989148352023124,
-0.0008099498072681802,
0.000751346844377645,
0.0017399600158632814,
0.00134616470060479,
-0.00014205099421465964,
-0.0015477174410004648,
-0.0017351101006643612,
-0.0005267318518229962,
0.0011328110625279508,
0.0019144740754940559,
0.0011685219406658296,
-0.0005365569570314567,
-0.0018460675988480255,
-0.0016947647999331827,
-0.00017257854194806244,
0.0015225200269124647,
0.0020265651750934616,
0.0009063718888643929,
-0.0009702933236315943,
-0.0021058888468835145,
-0.0015673463250304967,
0.00024838366416935593,
0.0019047129608213917,
0.002061190523291668,
0.000557390006492443,
-0.001430783499309109,
-0.0023095700831842997,
-0.0013440356321538548,
0.0007290030532682639,
0.002261665117559756,
0.002003954320456432,
0.0001220141160405182,
-0.0019028317485488683,
-0.002438956264587977,
-0.0010180782336854303,
0.001259062730366881,
0.0025739789698528844,
0.0018414882355585432,
-0.0003963884784800908,
-0.0023686906160382943,
-0.0024757016796749386,
-0.0005850353225438236,
0.0018253228254350683,
0.0028208668449138646,
0.0015617339667665644,
-0.0009914618209337805,
-0.002808252350992884,
-0.002401535146219885,
-4.2902118799456794e-05,
0.0024116278043926935,
0.0029803672182639224,
0.0011540726607958541,
-0.0016539173010304284,
-0.003199212689603554,
-0.002198362591760207,
0.0006079456136272327,
0.0029990466253274352,
0.0030294092760992384,
0.0006092260859035651,
-0.0023717071864375696,
-0.003517125761118577,
-0.0018480978549515815,
0.0013650286287111516,
0.003565990329115072,
0.002943593838626327,
-8.118192155875405e-05,
-0.0031303129464438496,
-0.003735218811849198,
-0.0013320499158251335,
0.002224342958087647,
0.0040882130957890835,
0.002696474103762501,
-0.0009255854483216996,
-0.003913140499349288,
-0.0038237435732817963,
-0.0006295741350596998,
0.0031813736702388973,
0.004538532328306607,
0.002257954796478215,
-0.001934281897248307,
-0.004702009617018672,
-0.0037484593900383757,
0.0002845514090348742,
0.004232795239167023,
0.004885962580154295,
0.0015910850125371134,
-0.0031227105737762855,
-0.0054777202849535436,
-0.0034674561227930377,
0.001445100323079141,
0.005379375413336532,
0.005093651621305118,
0.0006457518488747386,
-0.004517524855034165,
-0.006220675063592147,
-0.0029246312481625747,
0.002906060257087924,
0.006631235512077702,
0.00511427539922508,
-0.0006540889628355017,
-0.006168493352084138,
-0.006911533615487449,
-0.0020358687797933346,
0.004760575472336752,
0.008018291983192245,
0.0048796072638694005,
-0.002438070885269748,
-0.00817399137304207,
-0.007531873703238189,
-0.000657498056762121,
0.007186240784938875,
0.00961367678988433,
0.00427509109852399,
-0.00495608813066121,
-0.010742848233662483,
-0.008064832226853409,
0.0014949608643064207,
0.010563278323261208,
0.011595448100245882,
0.0030689101830129063,
-0.008766823108185738,
-0.014373301256788883,
-0.00849570030590247,
0.005099290999599469,
0.015853238540905486,
0.014450725505488109,
0.0006646227577225754,
-0.015420907753063196,
-0.020531349095199956,
-0.008812448014650878,
0.01229528021485058,
0.026301582121504758,
0.01995665602874215,
-0.005186657268652049,
-0.031331022277230794,
-0.0358870074079802,
-0.009006157084585723,
0.0352342490554905,
0.06343728555281725,
0.042454680665284746,
-0.03770667986468484,
-0.15290598711982983,
-0.2544445805319942,
0.7051813335841773,
-0.2544445805319942,
-0.15290598711982983,
-0.03770667986468484,
0.042454680665284746,
0.06343728555281725,
0.0352342490554905,
-0.009006157084585723,
-0.0358870074079802,
-0.031331022277230794,
-0.005186657268652049,
0.01995665602874215,
0.026301582121504758,
0.01229528021485058,
-0.008812448014650878,
-0.020531349095199956,
-0.0154209077530632,
0.0006646227577225754,
0.014450725505488109,
0.015853238540905486,
0.005099290999599469,
-0.00849570030590247,
-0.014373301256788883,
-0.008766823108185738,
0.0030689101830129063,
0.011595448100245882,
0.010563278323261208,
0.0014949608643064207,
-0.00806483222685341,
-0.010742848233662483,
-0.00495608813066121,
0.00427509109852399,
0.00961367678988433,
0.007186240784938876,
-0.000657498056762121,
-0.007531873703238189,
-0.00817399137304207,
-0.002438070885269748,
0.004879607263869401,
0.008018291983192247,
0.004760575472336752,
-0.0020358687797933346,
-0.00691153361548745,
-0.006168493352084138,
-0.0006540889628355017,
0.005114275399225079,
0.006631235512077702,
0.002906060257087924,
-0.0029246312481625747,
-0.006220675063592147,
-0.004517524855034165,
0.0006457518488747386,
0.005093651621305118,
0.005379375413336532,
0.001445100323079141,
-0.0034674561227930377,
-0.0054777202849535436,
-0.0031227105737762855,
0.0015910850125371134,
0.004885962580154296,
0.004232795239167024,
0.0002845514090348742,
-0.0037484593900383757,
-0.004702009617018672,
-0.0019342818972483075,
0.0022579547964782154,
0.004538532328306608,
0.0031813736702388973,
-0.0006295741350596998,
-0.0038237435732817967,
-0.003913140499349288,
-0.0009255854483216996,
0.0026964741037625002,
0.0040882130957890835,
0.002224342958087647,
-0.0013320499158251335,
-0.0037352188118491975,
-0.0031303129464438496,
-8.118192155875405e-05,
0.002943593838626327,
0.003565990329115072,
0.0013650286287111516,
-0.0018480978549515815,
-0.003517125761118577,
-0.0023717071864375696,
0.0006092260859035651,
0.003029409276099239,
0.0029990466253274352,
0.0006079456136272327,
-0.0021983625917602074,
-0.0031992126896035543,
-0.0016539173010304286,
0.0011540726607958544,
0.002980367218263923,
0.0024116278043926935,
-4.29021187994568e-05,
-0.002401535146219885,
-0.002808252350992884,
-0.0009914618209337805,
0.0015617339667665644,
0.0028208668449138646,
0.0018253228254350683,
-0.0005850353225438236,
-0.0024757016796749386,
-0.0023686906160382943,
-0.0003963884784800908,
0.0018414882355585432,
0.0025739789698528844,
0.0012590627303668812,
-0.0010180782336854303,
-0.0024389562645879773,
-0.0019028317485488685,
0.00012201411604051825,
0.0020039543204564323,
0.002261665117559756,
0.000729003053268264,
-0.001344035632153855,
-0.0023095700831843,
-0.001430783499309109,
0.0005573900064924431,
0.002061190523291668,
0.0019047129608213914,
0.00024838366416935593,
-0.0015673463250304974,
-0.0021058888468835145,
-0.0009702933236315943,
0.000906371888864393,
0.0020265651750934624,
0.0015225200269124652,
-0.00017257854194806244,
-0.0016947647999331827,
-0.0018460675988480261,
-0.0005365569570314569,
0.0011685219406658296,
0.001914474075494056,
0.0011328110625279508,
-0.000526731851822996,
-0.0017351101006643612,
-0.001547717441000465,
-0.0001420509942146597,
0.0013461647006047898,
0.0017399600158632816,
0.000751346844377645,
-0.0008099498072681805,
-0.0016989148352023124,
-0.0012275180894472898,
0.0002035779411245671,
0.0014441235954538146,
0.0015182778916731786,
0.00039166435360850696,
-0.001021002944603438,
-0.001598004101323705,
-0.0009008366528093821,
0.0004935481937132202,
0.0014693764215227333,
0.0012644411810537812,
6.487555906944428e-05,
-0.001161344113966946,
-0.0014450321772262588,
-0.000581383194890927,
0.0007238930163805002,
0.0014306479758764757,
0.000992779690780746,
-0.00022045770494534444,
-0.0012348155032997135,
-0.001253003108359512,
-0.00028092573256135176,
0.000893324096798161,
0.0013379599861182284,
0.0007165333540375262,
-0.00045836326513718704,
-0.0012472901842543128,
-0.001034799330417231,
-9.080461221237873e-06,
0.0010030136109448564,
0.0012021594445331618,
0.00044750197522889416,
-0.000645409790779548,
-0.0012062643541133598,
-0.0008027399759489146,
0.00022681320187017894,
0.0010563047268633283,
0.0010344464005658776,
0.0001957659410458692,
-0.0007805726314082558,
-0.001120418565440748,
-0.0005681874584557776,
0.0004217288482636782,
0.0010583642687233019,
0.0008459212428228075,
-3.0511978851910402e-05,
-0.0008650221284053965,
-0.0009991671845748474,
-0.0003412173600478747,
0.000572901834188124,
0.0010157938899257994,
0.0006471695926286009,
-0.0002251984620106982,
-0.0009018460962638608,
-0.0008522151787171273,
-0.00013036268303982917,
0.0006796963776613864,
0.0009362176292652206,
0.00044790026140105287,
-0.00038421447855095664,
-0.0008957210787725917,
-0.0006891401989912727,
5.7560678107302716e-05,
0.0007434006860552643,
0.0008278641816388347,
0.00025664845318923977,
-0.0005054768678478161,
-0.0008525489022686038,
-0.0005190159311358848,
0.00021754464733742402,
0.0007669628900008378,
0.0006991616752487455,
8.055270564931862e-05,
-0.0005887642088117631,
-0.0007790759717662464,
-0.0003500899815735421,
0.00034639738741333185,
0.0007546827852717021,
0.0005583613121526084,
-7.478984406420674e-05,
-0.0006355177681097891,
-0.0006825127180930371,
-0.00018952633238018663,
0.00044267476421109675,
0.0007118757063300417,
0.00041320403043811527,
-0.0002053892053539853,
-0.0006485907970935037,
-0.0005701696731290659,
-4.321882755604843e-05,
0.0005065435129685544,
0.000644525268715438,
0.00027064154286899635,
-0.0003088523735223735,
-0.0006319611226911655,
-0.00044912492917634103,
8.432155503784462e-05,
0.0005395874692042375,
0.0005589412576893477,
0.0001366198771377336,
-0.0003843037306624906,
-0.0005904228039130148,
-0.00032593536196991565,
0.000190006539635841,
0.0005445702105119401,
0.0004614376818653174,
1.5930076948713502e-05,
-0.00043224535246759395,
-0.0005292726098147797,
-0.00020640112431101931,
0.00027214179322362865,
0.0005251686558567179,
0.0003580440624914773,
-8.787278666289569e-05,
-0.0004543688099784116,
-0.0004540062638847067,
-9.538972487879316e-05,
0.00033033686298690685,
0.00048569256657520887,
0.0002542605302658431,
-0.00017248451308497317,
-0.00045333158563031693,
-0.00037003787889675505,
3.277321865261365e-06,
0.0003653635554913435,
0.00043080451020125995,
0.0001548644120870037,
-0.00023680585720635636,
-0.000432511996983594,
-0.0002824538927993026,
8.687557190573047e-05,
0.00037897431316552234,
0.00036525374615444347,
6.3772882531046e-05,
-0.00028084368495154673,
-0.0003957565387814844,
-0.00019581025298939024,
0.0001537698183942092,
0.0003736932508915697,
0.00029363576775773097,
-1.6036895202099607e-05,
-0.00030556911990457943,
-0.0003471328540926696,
-0.00011397874309158104,
0.0002033534135389224,
0.00035259289848528757,
0.00022018701297842261,
-8.255173711055291e-05,
-0.00031274399417229623,
-0.0002907002042796798,
-4.0045370685883946e-05,
0.00023594301991708248,
0.0003190693725504298,
0.00014862168241200252,
-0.00013469485460165668,
-0.00030472762501630604,
-0.00023030743231272795,
2.3739197552344557e-05,
0.0002526386928344018,
0.00027662772983095554,
8.201483510454683e-05,
-0.00017225338663616542,
-0.000284275962857782,
-0.000169426135324949,
7.595989933892795e-05,
0.0002551601851287105,
0.00022868772263460438,
2.2733131598241213e-05,
-0.00019576952686621587,
-0.000254344533278778,
-0.00011102422686731965,
0.00011599338058673673,
0.0002456707002248202,
0.00017841820050738737,
-2.758808606953854e-05,
-0.00020640495035532957,
-0.00021790539668967542,
-5.748243074240405e-05,
0.0001439270278857671,
0.00022659901759512823,
0.0001286061154710162,
-6.802510515124531e-05,
-0.00020578885027004856,
-0.0001777866739976595,
-1.0553658528587179e-05,
0.00016044943393190574,
0.0002004700308251586,
8.156363593857821e-05,
-9.830930760648993e-05,
-0.00019585988350917584,
-0.00013654115627285482,
2.8637176221720898e-05,
0.00016672163732295663,
0.00016975235602385033,
3.9074404250568816e-05,
-0.00011874111682477523,
-0.00017871173270177205,
-9.634826651780815e-05,
5.95574384648916e-05,
0.00016423872349759382,
0.00013672989523587644,
2.377625785335008e-06,
-0.00013008278125340296,
-0.00015645088855800523,
-5.895131348725066e-05,
8.220134756370276e-05,
0.00015469104847601686,
0.00010340220066031966,
-2.781341898892006e-05,
-0.00013343881841263504,
-0.0001310737353299581,
-2.5629709917243214e-05,
9.700223228065001e-05,
0.0001398335044769562,
7.14163148573667e-05,
-5.1263587771708854e-05,
-0.0001301328561205221,
-0.0001043681967407647,
2.7962509631123813e-06,
0.00010473050522018133,
0.00012136996679828066,
4.2030594803357734e-05,
-6.814526526469733e-05,
-0.00012158900495258086,
-7.78431959114169e-05,
2.5932244919129118e-05,
0.00010638552026458093,
0.00010085844651391916,
1.6108991912891663e-05,
-7.895219118234537e-05,
-0.00010922484380601928,
-5.268713063726307e-05,
4.3753966140704304e-05,
0.00010308909079174405,
7.964064029944005e-05,
-5.857529728886065e-06,
-8.440529594543075e-05,
-9.436168903924824e-05,
-2.9754591485580255e-05,
5.653489085887864e-05,
9.598760531533337e-05,
5.879764114216134e-05,
-2.3707204543134514e-05,
-8.535792054920494e-05,
-7.815615423289542e-05,
-9.578770493991494e-06,
6.476472925845844e-05,
8.616845891955894e-05,
3.913167564210294e-05,
-3.754711426521382e-05,
-8.270714899422197e-05,
-6.155520947045668e-05,
7.5944785542974464e-06,
6.906551861862491e-05,
7.459502084154236e-05,
2.117198127745514e-05,
-4.768267274949169e-05,
-7.731694406191416e-05,
-4.5275136167488156e-05,
2.1756084934145928e-05,
7.011183710458447e-05,
6.206269069363345e-05,
5.201432333084614e-06,
-5.454347305670876e-05,
-6.995743747256561e-05,
-2.980306129094362e-05,
3.3072565828193454e-05,
6.85607469834108e-05,
4.917687348042589e-05,
-8.700651754278505e-06,
-5.861170607099569e-05,
-6.126318566738667e-05,
-1.5418247312747156e-05,
4.182030322403896e-05,
6.499588559061825e-05,
3.635204038170237e-05,
-2.060486912616538e-05,
-6.035864207576533e-05,
-5.171157268148258e-05,
-2.2290981461710623e-06,
4.832122715355234e-05,
5.988870611231058e-05,
2.382954328144297e-05,
-3.0672991143885485e-05,
-6.019361554476787e-05,
-4.162093286763105e-05,
9.77901864756814e-06,
5.2885260738974776e-05,
5.3578332445379305e-05,
1.1710606535015548e-05,
-3.9099778759014665e-05,
-5.8428654594511026e-05,
-3.116648375593906e-05,
2.069049738657333e-05,
5.5763960249672164e-05,
4.626994084452354e-05,
