-3.901246295384192e-19,
-6.140533881541655e-05,
-0.00011455957940312997,
-0.0001514634520158342,
-0.00016626027341448492,
-0.00015610879173439163,
-0.00012168026405640214,
-6.719927346531764e-05,
1.0555713458115935e-18,
7.037060423944151e-05,
0.00013341012853605548,
0.00017913067265298843,
0.00019955224492119845,
0.00019001021821448273,
0.00015007426310109726,
8.391258815504167e-05,
-4.999154656182882e-19,
-8.984467152922833e-05,
-0.00017200718382424042,
-0.00023303061133219912,
-0.0002617101297918467,
-0.0002510195742950499,
-0.00019955472180974084,
-0.00011222279304067444,
-4.483448514005099e-19,
0.0001212905221323689,
0.00023307642519234062,
0.0003167552757119378,
0.00035665677916962987,
0.00034279492581699164,
0.00027294857983009167,
0.00015367526425802687,
-8.185408818646622e-19,
-0.00016628682005529122,
-0.00031956798038765836,
-0.00043420472413109606,
-0.0004886654245896142,
-0.00046933461238009825,
-0.00037335661693550933,
-0.00020997124814107844,
3.0723385479091393e-18,
0.00022658476401422387,
0.0004347674858633437,
0.0005897404262007641,
0.0006625350627274954,
0.0006351484018495365,
0.0005042917914240424,
0.00028304691101862535,
-1.3148116025415324e-18,
-0.00030419617606063646,
-0.0005824678806295963,
-0.000788422155981058,
-0.0008838610605086256,
-0.0008455213335611136,
-0.0006698923566461828,
-0.00037519506740340717,
-1.988876957079641e-18,
0.0004015291219710566,
0.0007672339544935034,
0.00103637293731077,
0.001159452286160572,
0.001106920746621105,
0.0008752509525376834,
0.0004892533664541491,
-1.9401491917876173e-18,
-0.0005215981635546202,
-0.0009948131556979465,
-0.0013413467843092074,
-0.0014979813173928102,
-0.0014276320948301078,
-0.0011269298538013387,
-0.0006288996497619491,
8.301824245045979e-18,
0.0006683561145498545,
0.0012727856799994552,
0.0017136298682410044,
0.0019110198051587044,
0.001818774775366159,
0.0014337870447146915,
0.0007991272082426874,
-2.6333412493843295e-18,
-0.0008472319945634497,
-0.0016116229176906523,
-0.0021675139700421567,
-0.00241473876717596,
-0.002295977909975354,
-0.001808345361709768,
-0.0010070362941415525,
2.984257641279279e-18,
0.0010660360930895387,
0.0020264776914907935,
0.002723802339407205,
0.003032816599096553,
0.002882263150863893,
0.002269161948649526,
0.0012632123984689426,
-3.3265333069810413e-18,
-0.0013365564268590124,
-0.002540363417706173,
-0.0034142906251335703,
-0.0038016763553774496,
-0.003613274836953376,
-0.002845159687726528,
-0.0015842654714938891,
3.651740283652231e-18,
0.0016775481701965971,
0.003190158063740384,
0.00429030376146411,
0.004780554142380242,
0.004547428765621602,
0.003584113167544403,
0.0019978542019477453,
-3.951870896227127e-18,
-0.0021207729892141615,
-0.004038866544002935,
-0.005440329240798677,
-0.0060725396059616975,
-0.005787377957747619,
-0.004570822902728604,
-0.0025535864517189696,
4.219534932947738e-18,
0.0027244643695666783,
0.005203358367903787,
0.007030506073672565,
0.007873647146933112,
0.007530894043778572,
0.005970928226989146,
0.0033497637967014747,
-4.448141616903996e-18,
-0.003607629753189847,
-0.006926460328952133,
-0.009412094716090039,
-0.010605968396011179,
-0.010212164088109233,
-0.00815557247195009,
-0.004611456438012041,
4.632061892834813e-18,
0.00505591777354776,
0.009806298801669626,
0.013474531486744051,
0.015370319588392281,
0.014999977150041942,
0.012158450285746313,
0.006988990788793592,
-4.766767033150371e-18,
-0.007966220410379312,
-0.015811877345265395,
-0.022301952305469847,
-0.02620933980753057,
-0.026469673802121972,
-0.022326560596606756,
-0.01344829668866834,
4.84894015023537e-18,
0.017339877513996724,
0.03742306076363165,
0.05873200386596126,
0.07952730182151115,
0.09802570669405038,
0.11258835585039065,
0.12189718256651944,
0.12509858669002122,
0.12189718256651944,
0.11258835585039065,
0.09802570669405038,
0.07952730182151115,
0.05873200386596126,
0.03742306076363165,
0.017339877513996724,
4.84894015023537e-18,
-0.01344829668866834,
-0.022326560596606756,
-0.026469673802121972,
-0.02620933980753057,
-0.022301952305469847,
-0.015811877345265398,
-0.007966220410379312,
-4.766767033150371e-18,
0.006988990788793592,
0.012158450285746313,
0.014999977150041944,
0.015370319588392283,
0.013474531486744051,
0.009806298801669628,
0.00505591777354776,
4.632061892834813e-18,
-0.0046114564380120415,
-0.008155572471950092,
-0.010212164088109233,
-0.010605968396011179,
-0.009412094716090039,
-0.006926460328952134,
-0.003607629753189848,
-4.448141616903996e-18,
0.0033497637967014747,
0.005970928226989146,
0.0075308940437785726,
0.007873647146933114,
0.007030506073672566,
0.005203358367903787,
0.002724464369566677,
4.219534932947739e-18,
-0.0025535864517189696,
-0.004570822902728606,
-0.005787377957747619,
-0.006072539605961699,
-0.005440329240798678,
-0.004038866544002936,
-0.002120772989214162,
-3.951870896227127e-18,
0.0019978542019477453,
0.0035841131675444027,
0.0045474287656216035,
0.004780554142380242,
0.004290303761464112,
0.0031901580637403843,
0.0016775481701965973,
3.651740283652231e-18,
-0.0015842654714938891,
-0.00284515968772653,
-0.0036132748369533756,
-0.003801676355377449,
-0.0034142906251335694,
-0.002540363417706174,
-0.001336556426859013,
-3.3265333069810424e-18,
0.0012632123984689426,
0.002269161948649526,
0.0028822631508638947,
0.0030328165990965547,
0.0027238023394072068,
0.0020264776914907926,
0.0010660360930895387,
2.9842576412792796e-18,
-0.0010070362941415527,
-0.001808345361709768,
-0.002295977909975354,
-0.0024147387671759617,
-0.0021675139700421575,
-0.0016116229176906533,
-0.0008472319945634499,
-2.63334124938433e-18,
0.0007991272082426874,
0.0014337870447146915,
0.001818774775366159,
0.001911019805158704,
0.0017136298682410055,
0.0012727856799994559,
0.0006683561145498549,
8.30182424504598e-18,
-0.0006288996497619491,
-0.0011269298538013396,
-0.0014276320948301074,
-0.0014979813173928102,
-0.0013413467843092068,
-0.000994813155697947,
-0.0005215981635546205,
-1.9401491917876177e-18,
0.0004892533664541491,
0.0008752509525376834,
0.0011069207466211058,
0.0011594522861605727,
0.0010363729373107707,
0.000767233954493503,
0.00040152912197105687,
-1.988876957079642e-18,
-0.00037519506740340717,
-0.0006698923566461828,
-0.0008455213335611134,
-0.0008838610605086262,
-0.0007884221559810589,
-0.0005824678806295967,
-0.00030419617606063657,
-1.3148116025415328e-18,
0.00028304691101862535,
0.0005042917914240424,
0.0006351484018495364,
0.0006625350627274953,
0.0005897404262007646,
0.000434767485863344,
0.00022658476401422404,
3.07233854790914e-18,
-0.00020997124814107847,
-0.00037335661693551,
-0.00046933461238009825,
-0.000488665424589614,
-0.0004342047241310958,
-0.00031956798038765863,
-0.00016628682005529133,
-8.185408818646625e-19,
0.00015367526425802687,
0.00027294857983009167,
0.00034279492581699213,
0.00035665677916963046,
0.00031675527571193814,
0.00023307642519234054,
0.00012129052213236896,
-4.483448514005101e-19,
-0.0001122227930406745,
-0.00019955472180974092,
-0.0002510195742950499,
-0.000261710129791847,
-0.00023303061133219934,
-0.00017200718382424061,
-8.984467152922839e-05,
-4.999154656182882e-19,
8.391258815504167e-05,
0.00015007426310109726,
0.00019001021821448262,
0.00019955224492119845,
0.00017913067265298868,
0.00013341012853605556,
7.037060423944151e-05,
1.0555713458115942e-18,
-6.719927346531764e-05,
-0.00012168026405640214,
-0.00015610879173439163,
-0.00016626027341448492,
-0.0001514634520158342,
-0.00011455957940312997,
-6.140533881541655e-05,
