-4.5276214083270566e-18,
-1.8580909446745646e-05,
-6.997634363190335e-06,
3.7375004645676415e-05,
8.441764620263903e-05,
9.383078028990937e-05,
4.787248278890645e-05,
-3.1926531218157535e-05,
-9.809478546235958e-05,
-0.00011104573342200801,
-6.749632123061606e-05,
-1.5308377600926082e-06,
4.232597837595416e-05,
4.27553450726608e-05,
1.5608308314992342e-05,
-2.406358203989491e-06,
1.3363078920432256e-05,
5.305800507358088e-05,
7.907082388223898e-05,
5.7191885648602126e-05,
-1.2780021379973851e-05,
-9.224439023430833e-05,
-0.00013004850293963263,
-0.00010021981126634185,
-2.18741902994824e-05,
5.461247206771213e-05,
8.47964572965541e-05,
6.190169060550802e-05,
1.848254832214247e-05,
-2.7930348364193786e-06,
1.4593191378836844e-05,
4.7273085474744856e-05,
5.230463273844171e-05,
5.366156633166035e-06,
-7.448053817569516e-05,
-0.00013483020350446722,
-0.00012852799611469656,
-5.1108534747121996e-05,
5.288579117376887e-05,
0.00012087844660556383,
0.00011731093276288131,
5.798642234650412e-05,
-5.188887757862006e-06,
-2.6763434107513623e-05,
-3.500535796447437e-06,
2.547313431155597e-05,
1.4331856120711469e-05,
-4.707839765584446e-05,
-0.00011954585310094694,
-0.00014241716337223836,
-8.233094020835001e-05,
3.60542375036511e-05,
0.00014331066685226168,
0.00017414249852718862,
0.00011483655955797303,
1.2235354794934724e-05,
-6.314406162715992e-05,
-7.104303003683988e-05,
-2.9829728228379974e-05,
3.1697545001247818e-06,
-1.6745278647282443e-05,
-8.053758713343859e-05,
-0.00012951648291448042,
-0.00010308909079174173,
7.534979206567006e-06,
0.00014404655505374943,
0.00021921589998381922,
0.00018091966082994175,
5.239909479547058e-05,
-8.370656535103571e-05,
-0.00014630849605679866,
-0.00011470621405335758,
-3.924504234781602e-05,
4.31657211975743e-06,
-2.032093495483303e-05,
-7.898099226298465e-05,
-9.617223705866228e-05,
-2.180922757037332e-05,
0.0001190229123406049,
0.0002360938276202339,
0.00023948006590127581,
0.00011054112490806729,
-7.832472689349137e-05,
-0.0002131464742451778,
-0.00022052337474859693,
-0.00011901541214159128,
4.591704302467012e-07,
4.956212716130519e-05,
1.2774278580515767e-05,
-4.388600806216902e-05,
-3.317378673800873e-05,
7.306531156728442e-05,
0.00021055065170222953,
0.00026679013864565907,
0.000170686152131313,
-4.35622642843189e-05,
-0.0002518759528038735,
-0.00032700365783082917,
-0.00023106526582711867,
-4.174823606345235e-05,
0.00010912688875367947,
0.0001368308537735603,
6.47200655987025e-05,
-3.4718885621101833e-06,
2.27142176082985e-05,
0.00013778053267479964,
0.0002381494143039976,
0.00020570918636774458,
1.1376325086095556e-05,
-0.0002465151785613377,
-0.00040485984475721127,
-0.0003548644646139692,
-0.0001255561359849689,
0.0001352487021514993,
0.00026994054590605103,
0.00022597546010126243,
8.670812621891982e-05,
-5.543235929444978e-06,
2.840381468671241e-05,
0.00013716526775428643,
0.0001827094519759728,
6.188264773151296e-05,
-0.00019353734817933435,
-0.0004236004102348498,
-0.0004549896668887833,
-0.00023676651677948424,
0.00011102422686732661,
0.0003783716942151556,
0.00041651987267542125,
0.00024280561674554837,
1.7249047231863247e-05,
-9.009137371623747e-05,
-3.4677244213964765e-05,
7.344542301961902e-05,
7.110619955367166e-05,
-0.00010855300265434807,
-0.00036289389179088515,
-0.000488223777126388,
-0.0003408926405526646,
3.635608888438657e-05,
0.00042777194695503887,
0.0005943711644785497,
0.0004473932756194459,
0.00011052949827761421,
-0.00017881722493046301,
-0.0002522606143159649,
-0.00013281789896811886,
-3.223850280389398e-08,
-2.709509321369716e-05,
-0.00022376186826418207,
-0.0004165273997008773,
-0.0003877306747013962,
-6.45630797343349e-05,
0.0003968087268152263,
0.0007078113801622207,
0.0006570371382147281,
0.00027134075775765454,
-0.0001998749700292306,
-0.0004686049744849184,
-0.00041859127034780426,
-0.00017776580257649336,
2.9204892430814916e-06,
-3.4812909894460725e-05,
-0.0002224987477731932,
-0.0003240759910267853,
-0.00014319866566628572,
0.00029005177794265413,
0.0007109708888636643,
0.0008081703299205181,
0.000465686283414491,
-0.00013272478998755215,
-0.0006258040612463845,
-0.0007345870491702418,
-0.00045981437304191297,
-6.330402784439446e-05,
0.0001505880770348156,
7.806805977942844e-05,
-0.00011216984848198318,
-0.0001365795793508068,
0.0001445692327908272,
0.000581940708182317,
0.0008325212862838262,
0.0006290237637782938,
1.088756538285706e-05,
-0.0006735089634848975,
-0.0010068494644681037,
-0.0008051296385288117,
-0.0002476952856368083,
0.0002678009735493162,
0.00043224535246759617,
0.00025150115524462553,
1.3594887116928763e-05,
2.5700247572440983e-05,
0.0003371163479222181,
0.0006790319203049591,
0.0006785562784762452,
0.00017979730949536137,
-0.000589938256468418,
-0.0011549390073326282,
-0.0011345946335841479,
-0.000531706127937677,
0.00026288030616713174,
0.0007585430797804179,
0.0007240052092165456,
0.0003371801626364135,
1.0468886117191364e-05,
3.52956224971096e-05,
0.000335929326866519,
0.0005361756339295039,
0.00028911176678585475,
-0.00039813538347877357,
-0.0011174298611283137,
-0.0013455245681421066,
-0.0008481295621375826,
0.0001170886974806521,
0.0009681489076324855,
0.0012166171150918476,
0.0008146048440647396,
0.00016137533371668813,
-0.00023272273702243807,
-0.000155015677884225,
0.0001566681441201149,
0.00024024490293968084,
-0.00017016225624799555,
-0.0008773734595312615,
-0.001338455198276916,
-0.0010879420477667109,
-0.0001343983133146909,
0.0009943931527273183,
0.0016114126150740728,
0.001366963786979291,
0.0004974985426015474,
-0.0003690235465642121,
-0.0006990784548779206,
-0.0004474050071235271,
-4.8018840807210464e-05,
-1.4549005945322128e-05,
-0.0004786755905682064,
-0.001049958330465274,
-0.001123742234052904,
-0.00039783761767127405,
0.0008220275040649519,
0.0017919592718811052,
0.0018634824695025422,
0.00097242942111602,
-0.00030277965644847754,
-0.0011674232720667698,
-0.0011935453405970903,
-0.0006053999535354373,
-4.7154331092917395e-05,
-2.5485300944210094e-05,
-0.00048171756826908147,
-0.0008459212428227956,
-0.0005355103896895117,
0.0005061030935790429,
0.0016809787193073906,
0.0021480581904756877,
0.0014683183411733848,
-2.4255683287432485e-05,
-0.0014320775414619234,
-0.001936969244413964,
-0.0013837112486610452,
-0.0003513126007315509,
0.0003392085640354694,
0.0002847296761508209,
-0.0002025434650841479,
-0.0003993343609397606,
0.00017159000517701062,
0.001274005653084416,
0.002080530953866632,
0.001811864185206498,
0.0003928350437875859,
-0.0014090857317497077,
-0.002500045249479263,
-0.0022486056780787107,
-0.0009379277328688648,
0.0004734578755326848,
0.001095605622612535,
0.0007691602032169034,
0.00012306329738599395,
-1.055748071033917e-05,
0.0006571842948561734,
0.001582637819629543,
0.0018120457485475618,
0.0007905154802676328,
-0.0010976802639157289,
-0.0027188114273452545,
-0.002996090230682082,
-0.0017182522377173794,
0.00028600842066429737,
0.0017572537933792454,
0.0019314295418699791,
0.0010616317786082637,
0.00013153851637675911,
1.601525623934081e-07,
0.0006752039986976291,
0.0013124120706632526,
0.0009521291053281688,
-0.0006023572360004524,
-0.0024956226191899956,
-0.0033937916220080954,
-0.0025003600149470263,
-0.00021754815260226454,
0.0020883795723163293,
0.00306231774954082,
0.002330648734398263,
0.0007138904185215208,
-0.0004788691041054387,
-0.0005065486979048586,
0.0002449492007705989,
0.0006518053193501155,
-0.00012782967858610363,
-0.0018432585556330196,
-0.003239318487951957,
-0.0030147882042233266,
-0.0009063718888643878,
0.00198056966120446,
0.0039001706921969067,
0.00372119292972878,
0.0017424737465731666,
-0.000571055495429071,
-0.0017282683065671226,
-0.001330050738924591,
-0.0002823632917885626,
5.649844382622695e-05,
-0.0009061685037973525,
-0.0024217059277045995,
-0.0029667064842900117,
-0.0015244799563333884,
0.0014515933886049348,
0.004208474615035455,
0.004925601350916735,
0.003077005269301609,
-0.0001456983806843227,
-0.0027034179237185336,
-0.003211847304629668,
-0.0019071229400646874,
-0.00032271128668914795,
5.063470426082449e-05,
-0.000969010921057259,
-0.002103403499103096,
-0.0017225081852210765,
0.0006767079540643027,
0.0038465789516200785,
0.005591304969562443,
0.004423969989171909,
0.0007860418780103832,
-0.0031643809145102462,
-0.0050823142693806,
-0.004121888664870345,
-0.0014700973461855625,
0.0006860771876590309,
0.0009330300304003299,
-0.0002792201359125404,
-0.0011139122181637077,
-1.0612462955933693e-05,
0.002829032944008693,
0.005391802439715848,
0.005361111117563721,
0.0020268724317493345,
-0.0029434498580434773,
-0.006562398032890902,
-0.006658774971908669,
-0.003455522719798194,
0.0006518607665643799,
0.002959746620316513,
0.002503096246625135,
0.0006632996202004171,
-0.00014513702678783935,
0.0013594411066113737,
0.004094146221853697,
0.005381613023039823,
0.003173481769405688,
-0.0020478695974384554,
-0.007290146565578855,
-0.009108902464739133,
-0.0061732458375664805,
-0.00033310749083911655,
0.004702009617018678,
0.006095974049432185,
0.003912414440861083,
0.0008397498633562796,
-0.00016412700995033832,
0.0015951028443878322,
0.003924069149490441,
0.0036034392785730864,
-0.0007215520057290955,
-0.0069999965207427186,
-0.010974703565489592,
-0.009339950484092634,
-0.002430592792922858,
0.005742818243634909,
0.01028138263032274,
0.008934642634907694,
0.0036437596622902867,
-0.0011490894610367754,
-0.002116419150734354,
0.000301490327755541,
0.0023903399072806924,
0.00048077166224829316,
-0.005575895111570159,
-0.011712169577445563,
-0.012535915524311929,
-0.005699858964804361,
0.005727419750976145,
0.014984441640985174,
0.01636287522870397,
0.00941486997834853,
-0.0007070047339222561,
-0.007187796636464668,
-0.006781073425308738,
-0.002186862155080945,
0.0004376432678928205,
-0.003031072144148026,
-0.010636054344330074,
-0.015282417784683224,
-0.01033664963042211,
0.004353927135400214,
0.021009157982448297,
0.028759148271618424,
0.02155809374391858,
0.0031627984433448527,
-0.015021487803741164,
-0.02209622937699293,
-0.015819652316293016,
-0.004264602111076134,
0.000824959888790177,
-0.005772137719889929,
-0.017138496401768222,
-0.01849432346027139,
0.0007340153261635556,
0.03579912235927965,
0.06578725904006474,
0.0657043273259907,
0.024553412708124066,
-0.04313965538999728,
-0.10187415822259722,
-0.11499289557697734,
-0.06811278186234732,
0.019187665026244027,
0.10217890111349981,
0.13605254860214921,
0.10217890111349981,
0.019187665026244027,
-0.06811278186234732,
-0.11499289557697734,
-0.10187415822259722,
-0.04313965538999728,
0.024553412708124066,
0.0657043273259907,
0.06578725904006474,
0.03579912235927965,
0.0007340153261635556,
-0.01849432346027139,
-0.017138496401768222,
-0.005772137719889929,
0.000824959888790177,
-0.004264602111076134,
-0.015819652316293016,
-0.02209622937699293,
-0.015021487803741164,
0.0031627984433448527,
0.02155809374391858,
0.028759148271618424,
0.021009157982448297,
0.004353927135400214,
-0.01033664963042211,
-0.015282417784683224,
-0.010636054344330074,
-0.003031072144148026,
0.0004376432678928205,
-0.002186862155080945,
-0.006781073425308738,
-0.007187796636464668,
-0.000707004733922257,
0.00941486997834853,
0.01636287522870397,
0.014984441640985174,
0.005727419750976145,
-0.005699858964804362,
-0.012535915524311929,
-0.011712169577445563,
-0.005575895111570159,
0.00048077166224829316,
0.0023903399072806924,
0.00030149032775554093,
-0.002116419150734354,
-0.0011490894610367754,
0.0036437596622902876,
0.008934642634907694,
0.01028138263032274,
0.005742818243634909,
-0.002430592792922858,
-0.009339950484092634,
-0.010974703565489592,
-0.0069999965207427186,
-0.0007215520057290955,
0.0036034392785730864,
0.003924069149490441,
0.0015951028443878322,
-0.00016412700995033832,
0.0008397498633562787,
0.003912414440861083,
0.006095974049432185,
0.004702009617018678,
-0.00033310749083911655,
-0.006173245837566481,
-0.009108902464739135,
-0.007290146565578855,
-0.0020478695974384554,
0.0031734817694056886,
0.005381613023039823,
0.004094146221853697,
0.0013594411066113745,
-0.00014513702678783935,
0.0006632996202004171,
0.0025030962466251355,
0.002959746620316513,
0.0006518607665643794,
-0.003455522719798194,
-0.006658774971908669,
-0.006562398032890902,
-0.0029434498580434773,
0.0020268724317493345,
0.005361111117563721,
0.005391802439715848,
0.002829032944008693,
-1.061246295593326e-05,
-0.0011139122181637077,
-0.0002792201359125404,
0.0009330300304003301,
0.0006860771876590309,
-0.0014700973461855631,
-0.004121888664870345,
-0.005082314269380602,
-0.003164380914510246,
0.0007860418780103833,
0.004423969989171909,
0.005591304969562443,
0.0038465789516200777,
0.0006767079540643027,
-0.0017225081852210765,
-0.002103403499103096,
-0.000969010921057259,
5.063470426082449e-05,
-0.00032271128668914795,
-0.0019071229400646874,
-0.003211847304629668,
-0.0027034179237185336,
-0.00014569838068432292,
0.0030770052693016086,
0.004925601350916736,
0.004208474615035455,
0.0014515933886049353,
-0.0015244799563333886,
-0.0029667064842900117,
-0.0024217059277046,
-0.0009061685037973527,
5.649844382622652e-05,
-0.0002823632917885626,
-0.001330050738924591,
-0.0017282683065671226,
-0.0005710554954290712,
0.001742473746573167,
0.003721192929728781,
0.0039001706921969062,
0.00198056966120446,
-0.0009063718888643879,
-0.0030147882042233284,
-0.003239318487951958,
-0.0018432585556330196,
-0.00012782967858610363,
0.0006518053193501157,
0.00024494920077059904,
-0.0005065486979048586,
-0.0004788691041054385,
0.000713890418521521,
0.0023306487343982625,
0.00306231774954082,
0.0020883795723163293,
-0.0002175481526022646,
-0.002500360014947026,
-0.0033937916220080954,
-0.0024956226191899956,
-0.0006023572360004526,
0.000952129105328169,
0.0013124120706632528,
0.0006752039986976292,
1.601525623934081e-07,
0.00013153851637675933,
0.0010616317786082637,
0.0019314295418699794,
0.0017572537933792463,
0.00028600842066429737,
-0.0017182522377173796,
-0.002996090230682082,
-0.0027188114273452553,
-0.0010976802639157293,
0.0007905154802676328,
0.0018120457485475625,
0.001582637819629544,
0.0006571842948561737,
-1.0557480710338737e-05,
0.00012306329738599416,
0.0007691602032169038,
0.001095605622612535,
0.0004734578755326848,
-0.000937927732868865,
-0.002248605678078711,
-0.0025000452494792626,
-0.0014090857317497077,
0.000392835043787586,
0.001811864185206498,
0.002080530953866632,
0.0012740056530844161,
0.00017159000517701062,
-0.0003993343609397606,
-0.00020254346508414802,
0.00028472967615082105,
0.0003392085640354695,
-0.000351312600731551,
-0.0013837112486610452,
-0.0019369692444139645,
-0.0014320775414619238,
-2.4255683287432485e-05,
0.001468318341173385,
0.0021480581904756877,
0.0016809787193073913,
0.0005061030935790431,
-0.0005355103896895117,
-0.0008459212428227957,
-0.0004817175682690816,
-2.5485300944210094e-05,
-4.715433109291718e-05,
-0.0006053999535354376,
-0.0011935453405970907,
-0.0011674232720667698,
-0.00030277965644847754,
0.0009724294211160201,
0.0018634824695025428,
0.0017919592718811045,
0.0008220275040649519,
-0.00039783761767127405,
-0.0011237422340529039,
-0.0010499583304652746,
-0.0004786755905682064,
-1.4549005945322345e-05,
-4.8018840807210355e-05,
-0.00044740500712352736,
-0.0006990784548779206,
-0.00036902354656421214,
0.0004974985426015476,
0.0013669637869792917,
0.0016114126150740728,
0.0009943931527273187,
-0.000134398313314691,
-0.0010879420477667118,
-0.0013384551982769163,
-0.0008773734595312618,
-0.00017016225624799576,
0.00024024490293968117,
0.0001566681441201149,
-0.00015501567788422504,
-0.00023272273702243807,
0.00016137533371668813,
0.0008146048440647398,
0.001216617115091848,
0.0009681489076324859,
0.0001170886974806521,
-0.0008481295621375828,
-0.001345524568142107,
-0.0011174298611283144,
-0.00039813538347877357,
0.00028911176678585475,
0.000536175633929504,
0.0003359293268665189,
3.52956224971096e-05,
1.0468886117191364e-05,
0.00033718016263641374,
0.0007240052092165454,
0.0007585430797804179,
0.0002628803061671318,
-0.0005317061279376773,
-0.0011345946335841474,
-0.001154939007332628,
-0.0005899382564684181,
0.00017979730949536132,
0.0006785562784762451,
0.0006790319203049591,
0.00033711634792221815,
2.5700247572440983e-05,
1.3594887116928818e-05,
0.00025150115524462575,
0.00043224535246759666,
0.00026780097354931604,
-0.00024769528563680846,
-0.0008051296385288126,
-0.001006849464468104,
-0.000673508963484898,
1.0887565382857074e-05,
0.0006290237637782946,
0.0008325212862838263,
0.0005819407081823173,
0.0001445692327908273,
-0.00013657957935080687,
-0.00011216984848198318,
7.806805977942849e-05,
0.0001505880770348157,
-6.330402784439441e-05,
-0.0004598143730419132,
-0.000734587049170242,
-0.0006258040612463849,
-0.00013272478998755215,
0.00046568628341449113,
0.0008081703299205186,
0.0007109708888636641,
0.00029005177794265413,
-0.00014319866566628583,
-0.00032407599102678554,
-0.0002224987477731932,
-3.4812909894460725e-05,
2.9204892430816e-06,
-0.00017776580257649344,
-0.0004185912703478042,
-0.0004686049744849184,
-0.0001998749700292307,
0.00027134075775765444,
0.0006570371382147281,
0.0007078113801622207,
0.00039680872681522634,
-6.45630797343349e-05,
-0.0003877306747013962,
-0.00041652739970087735,
-0.00022376186826418223,
-2.7095093213697107e-05,
-3.223850280389398e-08,
-0.00013281789896811888,
-0.00025226061431596466,
-0.00017881722493046296,
0.00011052949827761429,
0.000447393275619446,
0.0005943711644785493,
0.00042777194695503866,
3.635608888438657e-05,
-0.00034089264055266503,
-0.00048822377712638763,
-0.00036289389179088537,
-0.00010855300265434823,
7.110619955367155e-05,
7.344542301961909e-05,
-3.4677244213964806e-05,
-9.009137371623755e-05,
1.7249047231863274e-05,
0.0002428056167455485,
0.0004165198726754217,
0.000378371694215156,
0.00011102422686732667,
-0.00023676651677948446,
-0.0004549896668887837,
-0.0004236004102348498,
-0.00019353734817933446,
6.188264773151299e-05,
0.00018270945197597298,
0.00013716526775428645,
2.840381468671241e-05,
-5.543235929445005e-06,
8.670812621891993e-05,
0.00022597546010126243,
0.0002699405459060512,
0.0001352487021514994,
-0.00012555613598496887,
-0.0003548644646139692,
-0.0004048598447572114,
-0.0002465151785613379,
1.1376325086095556e-05,
0.00020570918636774458,
0.00023814941430399768,
0.00013778053267479975,
2.2714217608298473e-05,
-3.4718885621101833e-06,
6.472006559870254e-05,
0.0001368308537735602,
0.00010912688875367947,
-4.174823606345235e-05,
-0.00023106526582711883,
-0.00032700365783082895,
-0.0002518759528038734,
-4.35622642843189e-05,
0.00017068615213131305,
0.000266790138645659,
0.00021055065170222953,
7.306531156728446e-05,
-3.317378673800871e-05,
-4.3886008062168994e-05,
1.2774278580515767e-05,
4.95621271613053e-05,
4.591704302467012e-07,
-0.00011901541214159142,
-0.00022052337474859726,
-0.00021314647424517823,
-7.83247268934914e-05,
0.00011054112490806745,
0.0002394800659012761,
0.00023609382762023395,
0.000119022912340605,
-2.1809227570373347e-05,
-9.617223705866244e-05,
-7.898099226298467e-05,
-2.032093495483306e-05,
4.3165721197574165e-06,
-3.9245042347816085e-05,
-0.00011470621405335762,
-0.0001463084960567988,
-8.370656535103578e-05,
5.239909479547058e-05,
0.00018091966082994185,
0.00021921589998381944,
0.00014404655505374954,
7.534979206567006e-06,
-0.00010308909079174178,
-0.0001295164829144805,
-8.053758713343869e-05,
-1.6745278647282443e-05,
3.1697545001247818e-06,
-2.982972822837999e-05,
-7.104303003683988e-05,
-6.314406162715992e-05,
1.2235354794934724e-05,
0.0001148365595579731,
0.00017414249852718862,
0.00014331066685226168,
3.605423750365112e-05,
-8.233094020834997e-05,
-0.00014241716337223836,
-0.00011954585310094694,
-4.70783976558445e-05,
1.4331856120711455e-05,
2.5473134311555948e-05,
-3.500535796447437e-06,
-2.6763434107513636e-05,
-5.188887757862006e-06,
5.798642234650408e-05,
0.00011731093276288138,
0.00012087844660556375,
5.288579117376884e-05,
-5.1108534747121996e-05,
-0.00012852799611469672,
-0.00013483020350446714,
-7.448053817569511e-05,
5.3661566331660414e-06,
5.230463273844178e-05,
4.727308547474488e-05,
1.4593191378836844e-05,
-2.7930348364193786e-06,
1.848254832214247e-05,
6.190169060550802e-05,
8.479645729655416e-05,
5.46124720677122e-05,
-2.18741902994824e-05,
-0.00010021981126634185,
-0.00013004850293963272,
-9.224439023430839e-05,
-1.2780021379973851e-05,
5.719188564860217e-05,
7.907082388223903e-05,
5.305800507358088e-05,
1.3363078920432256e-05,
-2.406358203989491e-06,
1.560830831499235e-05,
4.27553450726608e-05,
4.232597837595416e-05,
-1.5308377600926082e-06,
-6.749632123061606e-05,
-0.00011104573342200801,
-9.809478546235958e-05,
-3.1926531218157535e-05,
4.787248278890645e-05,
9.383078028990937e-05,
8.441764620263903e-05,
3.737500464567645e-05,
-6.997634363190335e-06,
-1.8580909446745646e-05,
