-3.8980823985063303e-19,
-5.2010923872145384e-05,
-4.738643602771755e-05,
3.558535205027509e-05,
0.0001662602734144863,
0.00027554083909199273,
0.000293692364861735,
0.00019131699024342802,
-3.165857972825549e-18,
-0.00020034580004276106,
-0.00032200403615248853,
-0.0003161757598758191,
-0.00019955224492119826,
-4.464166383587274e-05,
6.207673338972484e-05,
7.10747846789968e-05,
-4.99510035952713e-19,
-7.609931744324835e-05,
-7.114906893916664e-05,
5.4749025143571944e-05,
0.0002617101297918488,
0.00044306373370344354,
0.000481653278961181,
0.0003194993917952691,
1.3446709481207676e-18,
-0.000345315305401256,
-0.0005625626065088737,
-0.0005590909614173535,
-0.0003566567791696297,
-8.053743628509089e-05,
0.00011290247820708923,
0.00013016445515238163,
-8.178770481191235e-19,
-0.00014084656653120712,
-0.0001321861317756631,
0.00010201357333703353,
0.0004886654245896178,
0.0008284021128685556,
0.0009011485027164298,
0.0005977902015970437,
-9.214523988086253e-18,
-0.000645089044133667,
-0.001049372238615534,
-0.001040925178373718,
-0.0006625350627274954,
-0.00014922398230843016,
0.00020859530768289382,
0.0002397435080602415,
-1.31374529500561e-18,
-0.0002576571428560429,
-0.00024093207314010564,
0.0001852346530560367,
0.0008838610605086316,
0.001492392933999526,
0.0016168790555469428,
0.0010681840345617291,
5.96501789909656e-18,
-0.001143157346042382,
-0.001851826639634594,
-0.0018292567996087464,
-0.0011594522861605727,
-0.00026006382355623487,
0.00036203889265931763,
0.00041440239705100386,
-1.938575737689693e-18,
-0.0004417987572389908,
-0.0004114946144846334,
0.0003151406950381481,
0.0014979813173928197,
0.0025198513226176293,
0.0027200030864725135,
0.0017904834673502872,
-2.4898739985185562e-17,
-0.001902816409353949,
-0.0030720465575906435,
-0.0030246535543725092,
-0.0019110198051587063,
-0.00042730929356341887,
0.0005930718183999155,
0.0006768685784310927,
-2.6312056189917727e-18,
-0.0007176138039681714,
-0.0006666318669101574,
0.0005092432971207682,
0.0024147387671759743,
0.0040525307564206504,
0.004364694881999211,
0.0028670422003966036,
-8.95035270149885e-18,
-0.00303501520631789,
-0.004891187820545868,
-0.004807665050652287,
-0.0030328165990965573,
-0.0006771689642614161,
0.0009386163782762083,
0.0010699532835184609,
-3.323835500293852e-18,
-0.0011320763944834397,
-0.0010507961814060014,
0.0008021653559343511,
0.00380167635537747,
0.006377634272758115,
0.006867191516862213,
0.004510419326322455,
-1.0952259302567432e-17,
-0.004775996083886616,
-0.007699893432088169,
-0.007572628583306845,
-0.004780554142380252,
-0.0010683887855089092,
0.0014825329336474722,
0.0016922020920282304,
-3.948665942977935e-18,
-0.0017963155096935497,
-0.0016706371663464167,
0.0012781699395242882,
0.006072539605961727,
0.010215049139150865,
0.011032321453907234,
0.007270085658313136,
-1.2655182771011704e-17,
-0.007756576765371901,
-0.012559034418140332,
-0.012409240512712964,
-0.007873647146933104,
-0.0017693345307695117,
0.002469815356589752,
0.0028372827702103326,
-4.444534189864422e-18,
-0.0030556977629595835,
-0.0028650617520287825,
0.002211310382438458,
0.010605968396011188,
0.018025046703137194,
0.01968461676725184,
0.013128861680543058,
-1.3892429092774863e-17,
-0.01439424745942584,
-0.023668876032913365,
-0.02378330951754445,
-0.015370319588392273,
-0.0035241469841483363,
0.005029222607690197,
0.005919743704236461,
-4.762901202030834e-18,
-0.0067474667725299885,
-0.0065404265466346735,
0.005239698512322203,
0.02620933980753058,
0.046720470057428645,
0.05388828197978636,
0.038287432492920985,
-1.4542887977480717e-17,
-0.049366801247928735,
-0.09032580017200495,
-0.10366530575879063,
-0.07952730182151113,
-0.02303050165738972,
0.04657105891770291,
0.10324810847073321,
0.12499713218090136,
0.10324810847073321,
0.04657105891770291,
-0.02303050165738972,
-0.07952730182151113,
-0.10366530575879063,
-0.09032580017200495,
-0.049366801247928735,
-1.4542887977480717e-17,
0.038287432492920985,
0.05388828197978636,
0.046720470057428645,
0.02620933980753058,
0.005239698512322203,
-0.00654042654663467,
-0.0067474667725299885,
-4.762901202030834e-18,
0.005919743704236461,
0.005029222607690197,
-0.0035241469841483363,
-0.015370319588392274,
-0.02378330951754445,
-0.02366887603291337,
-0.01439424745942584,
-1.3892429092774863e-17,
0.01312886168054306,
0.019684616767251847,
0.018025046703137194,
0.010605968396011188,
0.002211310382438458,
-0.0028650617520287807,
-0.0030556977629595844,
-4.444534189864422e-18,
0.0028372827702103334,
0.002469815356589752,
-0.0017693345307695117,
-0.007873647146933106,
-0.012409240512712966,
-0.012559034418140332,
-0.007756576765371896,
-1.2655182771011704e-17,
0.0072700856583131366,
0.011032321453907236,
0.010215049139150865,
0.006072539605961729,
0.0012781699395242882,
-0.0016706371663464175,
-0.00179631550969355,
-3.948665942977937e-18,
0.0016922020920282304,
0.0014825329336474718,
-0.0010683887855089096,
-0.004780554142380252,
-0.007572628583306848,
-0.00769989343208817,
-0.004775996083886617,
-1.0952259302567432e-17,
0.004510419326322455,
0.006867191516862217,
0.006377634272758115,
0.0038016763553774696,
0.0008021653559343511,
-0.0010507961814060023,
-0.00113207639448344,
-3.323835500293853e-18,
0.0010699532835184609,
0.0009386163782762083,
-0.0006771689642614165,
-0.003032816599096559,
-0.0048076650506522906,
-0.0048911878205458665,
-0.003035015206317891,
-8.950352701498851e-18,
0.0028670422003966045,
0.004364694881999211,
0.0040525307564206504,
0.002414738767175976,
0.0005092432971207685,
-0.0006666318669101576,
-0.0007176138039681721,
-2.631205618991773e-18,
0.0006768685784310927,
0.0005930718183999155,
-0.00042730929356341887,
-0.001911019805158706,
-0.0030246535543725114,
-0.003072046557590645,
-0.0019028164093539504,
-2.4898739985185565e-17,
0.0017904834673502872,
0.0027200030864725157,
0.0025198513226176284,
0.0014979813173928197,
0.0003151406950381477,
-0.0004114946144846334,
-0.0004417987572389909,
-1.9385757376896936e-18,
0.00041440239705100386,
0.00036203889265931763,
-0.0002600638235562352,
-0.0011594522861605734,
-0.0018292567996087477,
-0.0018518266396345931,
-0.0011431573460423826,
5.965017899096561e-18,
0.0010681840345617291,
0.0016168790555469428,
0.0014923929339995257,
0.0008838610605086323,
0.00018523465305603681,
-0.00024093207314010586,
-0.000257657142856043,
-1.3137452950056104e-18,
0.0002397435080602415,
0.00020859530768289382,
-0.00014922398230843016,
-0.0006625350627274953,
-0.001040925178373719,
-0.001049372238615535,
-0.0006450890441336676,
-9.214523988086256e-18,
0.0005977902015970438,
0.0009011485027164314,
0.0008284021128685556,
0.0004886654245896176,
0.00010201357333703348,
-0.00013218613177566326,
-0.00014084656653120723,
-8.178770481191238e-19,
0.00013016445515238163,
0.00011290247820708923,
-8.0537436285091e-05,
-0.0003566567791696303,
-0.0005590909614173541,
-0.0005625626065088735,
-0.00034531530540125616,
1.3446709481207684e-18,
0.00031949939179526924,
0.00048165327896118116,
0.00044306373370344354,
0.00026171012979184905,
5.4749025143572e-05,
-7.114906893916669e-05,
-7.609931744324838e-05,
-4.99510035952713e-19,
7.10747846789968e-05,
6.207673338972484e-05,
-4.4641663835872714e-05,
-0.00019955224492119826,
-0.0003161757598758195,
-0.0003220040361524887,
-0.00020034580004276106,
-3.1658579728255514e-18,
0.00019131699024342802,
0.000293692364861735,
0.00027554083909199273,
0.0001662602734144863,
3.558535205027509e-05,
-4.738643602771755e-05,
-5.2010923872145384e-05,
