9.055017874758902e-19,
2.7689031397777894e-05,
4.876632588648183e-05,
5.8065502032249736e-05,
5.3251162446699974e-05,
3.540212569539835e-05,
8.772704029891788e-06,
-2.021592468314199e-05,
-4.4516453016980284e-05,
-5.816047268303324e-05,
-5.7717302583047915e-05,
-4.3151770627723656e-05,
-1.786763716881371e-05,
1.2082353928775318e-05,
3.94378515964353e-05,
5.748234790832109e-05,
6.16843060739846e-05,
5.0828906927409815e-05,
2.7359251200756434e-05,
-3.1667564271631647e-06,
-3.338489050613923e-05,
-5.589234985260599e-05,
-6.505261734901442e-05,
-5.839950804230289e-05,
-3.7292437612229556e-05,
-6.6507135996744614e-06,
2.6184751225558456e-05,
5.320103885122951e-05,
6.765942180256836e-05,
6.576771214699138e-05,
4.76657572070303e-05,
1.7470024183801257e-05,
-1.7652804734123817e-05,
-4.9177316423542655e-05,
-6.927910584261054e-05,
-7.276751281083373e-05,
-5.841615901011217e-05,
-2.9352449812976068e-05,
7.61065500628069e-06,
4.35615025436496e-05,
6.962826001338965e-05,
7.915840362395928e-05,
6.940613308368035e-05,
4.2302084511111246e-05,
4.093942757850009e-06,
-3.608207515890075e-05,
-6.837529287351054e-05,
-8.462551192105826e-05,
-8.0414177458844e-05,
-5.624870445267944e-05,
-1.756621094989154e-05,
2.6475467009659615e-05,
6.515451261936627e-05,
8.878457797798367e-05,
9.112935501483853e-05,
7.103299593709604e-05,
3.2843543688173445e-05,
-1.4508139177961239e-05,
-5.958431971396022e-05,
-9.119193453912346e-05,
-0.00010115057459271319,
-8.639511686232466e-05,
-4.9875842615040424e-05,
2.2798782201308545e-18,
5.128894534727131e-05,
9.13594244164864e-05,
0.00010999105617780007,
0.00010196746964759643,
6.850808670836224e-05,
1.7151881162883364e-05,
-3.992297579221782e-05,
-8.877396913422847e-05,
-0.00011708823825923279,
-0.00011727243283282329,
-8.84662002195303e-05,
-3.695039745962692e-05,
2.5197729739618165e-05,
8.292127764980797e-05,
0.00012181916330371729,
0.00013172563087946923,
0.00010934720978075387,
5.9277537136358505e-05,
-6.9084120361246975e-06,
-7.331296976822187e-05,
-0.00012352114246794708,
-0.00014464512205883447,
-0.0001306145648997115,
-8.387669125132958e-05,
-1.5039140408404292e-05,
5.9516192598150675e-05,
0.00012151726173800827,
0.00015526665913098716,
0.00015159933821497887,
0.00011033925008765381,
4.060337087791008e-05,
-4.1184638498983886e-05,
-0.00011514605756799701,
-0.00016276493433323524,
-0.00017150782736222712,
-0.0001380965025812605,
-6.958484394809258e-05,
1.8089736948784988e-05,
0.0001037944698492713,
0.00016628046746174012,
0.0001894358549312552,
0.0001664177088965205,
0.00010160825803114283,
9.849302858568756e-06,
-8.693298252039438e-05,
-0.00016495154262275954,
-0.00020438981393205275,
-0.00019441503068206344,
-0.00013610979451355608,
-4.253797184616008e-05,
6.415169563600261e-05,
0.00015795035495001712,
0.0002153142416899359,
0.00022105578166568308,
0.00017233084257247948,
7.968283701188238e-05,
-3.51959447137024e-05,
-0.00014452230262381648,
-0.00022112543424887288,
-0.0002451822097274624,
-0.00020931896666396332,
-0.00012077313619274764,
7.022132042033013e-18,
0.00012402716093637788,
0.0002207503458092056,
0.00026553874834378956,
0.00024593676986646754,
0.00016506881141247273,
4.12826551249631e-05,
-9.598071230532982e-05,
-0.00021316976330411062,
-0.0002808063892905133,
-0.0002808790566863384,
-0.00021159604729543226,
-8.825394771826313e-05,
6.0095286436731125e-05,
0.00019746451464231081,
0.00028964353946224345,
0.0003126984210177893,
0.0002591511806896167,
0.0001402521476199669,
-1.631759439888221e-05,
-0.00017286326965400278,
-0.0002907324427824838,
-0.0003398390873859934,
-0.00030631360537473494,
-0.00019634038672245469,
-3.5137776216108634e-05,
0.00013879033380458756,
0.00028282998372364525,
0.0003606785260695512,
0.0003514680183101487,
0.00025530386255555494,
9.376079772850021e-05,
-9.49117235933487e-05,
-0.00026482145195359504,
-0.00037357605556588347,
-0.0003928360495384027,
-0.00031565659484600735,
-0.00015872586524214719,
4.11777551276579e-05,
0.00023577564749923636,
0.00037692734984838463,
0.0004285169960643617,
0.00037565833293692435,
0.00022888042620813472,
2.2139622099451545e-05,
-0.0001949995510451248,
-0.0003692234936788983,
-0.0004565370511766516,
-0.00043334190674114935,
-0.0003027435085955009,
-9.44164533055446e-05,
0.00014209068178385985,
0.0003491129872244017,
0.00047490609577773376,
0.00048655098330352393,
0.00037851502239911956,
0.00017465495379988266,
-7.698522128003856e-05,
-0.00031546490099342044,
-0.00048168080861138587,
-0.0005329878453051833,
-0.0004540964099478275,
-0.00026147163626546386,
2.7085457857615915e-18,
0.00026743123219333904,
0.0004750325689822462,
0.0005702704580843813,
0.000527122887558059,
0.00035309655833504346,
8.81334745632303e-05,
-0.00020450642116712938,
-0.00045331837933068446,
-0.0005959977496432803,
-0.0005950071643799101,
-0.0004473845728998325,
-0.00018624462300920918,
0.00012658195708925248,
0.00041515283569417197,
0.0006078217055054098,
0.0006549941548326291,
0.000541839135465664,
0.00029271049931047053,
-3.399403919956183e-05,
-0.000359479030307649,
-0.0006035245888327588,
-0.0007042258306901988,
-0.0006336488618120651,
-0.000405454797926486,
-7.243763489953453e-05,
0.0002856361895394487,
0.0005810993469820588,
0.0007398150000005328,
0.0007197366458692965,
0.0005219600482492638,
0.0001913817095291068,
-0.0001934218374534272,
-0.0005388310688265649,
-0.0007589264650597584,
-0.0007968207538819429,
-0.0006392935230281707,
-0.0003209791577658737,
8.314633402273298e-05,
0.00047537722159143376,
0.0007588637128054691,
0.0008614869191314752,
0.0007541469957907871,
0.0004588406350746225,
4.432223117734373e-05,
-0.0003898443290162244,
-0.0007371590397984828,
-0.0009102700847179137,
-0.000862890069119163,
-0.0006020580690642215,
-0.0001875246047876834,
0.0002818587599901122,
0.0006916648210251227,
0.0009397440931639777,
0.0009616363732386817,
0.0007472309591053218,
0.00034438993618012334,
-0.00015162938214097053,
-0.0006206435064089666,
-0.000946617313583312,
-0.0010463215156677646,
-0.0008905074293496066,
-0.0005122295471209919,
1.1664287777114149e-17,
0.0005228538790337902,
0.000927831941842721,
0.0011127912608516132,
0.0010276396250349395,
0.0006877457097651292,
0.00017151025775843663,
-0.0003976311408960461,
-0.000880664517550636,
-0.0011568980467908663,
-0.0011540525766804651,
-0.0008670557900778902,
-0.00036068011462872686,
0.000244958510144746,
0.0008028250835934014,
0.0011746036161218668,
0.001264925191863178,
0.001045731623449401,
0.0005645740009521852,
-6.552822134960106e-05,
-0.0006925523777121814,
-0.0011620852633610344,
-0.0013552815812805498,
-0.0012188534654302165,
-0.0007795452328268272,
-0.0001392098806871786,
0.0005487024982715591,
0.0011158429881667398,
0.0014200904951661365,
0.0013810773112366739,
0.0010012546247386166,
0.0003670135713213036,
-0.00037082863369931326,
-0.0010328047048462847,
-0.0014543702462914737,
-0.0015267138091593488,
-0.0012247040440041593,
-0.0006148282321450845,
0.0001592496920555412,
0.0009104265972665411,
0.0014532961322167707,
0.0016498164080499382,
0.0014442837480162082,
0.0008787819398221962,
8.489398121596308e-05,
-0.0007467857298741436,
-0.0014123070432686326,
-0.0017442757748123508,
-0.0016538316061448137,
-0.0011541953143422363,
-0.0003595991468169242,
0.0005406621313158643,
0.0013272076488764588,
0.0018039168825752668,
0.0018467014810494716,
0.0014356049713886172,
0.000661973242760971,
-0.0002916077562608578,
-0.00119426227949791,
-0.0018225944785192863,
-0.002015837097581082,
-0.0017167984610394927,
-0.0009882230291298653,
5.1170782827909384e-18,
0.0010102763375728658,
0.0017942818453133922,
0.0021538466046982833,
0.0019908574107425224,
0.0013336574653923206,
0.0003329222167245452,
-0.0007726607324321478,
-0.0017131467910976716,
-0.0022530716393580727,
-0.0022502041359512073,
-0.0016927028744363355,
-0.0007050413667302554,
0.0004794743641230436,
0.0015736075046454531,
0.0023056428664865866,
0.002486645086328758,
0.0020589270356161787,
0.0011133643496825582,
-0.00012943895386564912,
-0.0013703590690711247,
-0.002303511418544778,
-0.0026914019027274422,
-0.002425066975414114,
-0.0015540462436010826,
-0.0002780806736680276,
0.001098358659692788,
0.002238441920830867,
0.002855117130686298,
0.0027830526185695596,
0.0020224348429520238,
0.0007431397592109264,
-0.0007527531101175527,
-0.0021019470511166784,
-0.0029678160040744906,
-0.003124014647215991,
-0.002513135501944523,
-0.001265332561359877,
0.00032872547771469233,
0.0018851344071637275,
0.0030187968131433047,
0.003438259029912258,
0.0030200952532782785,
0.0018439853564451438,
0.00017877457679775323,
-0.0015784212293323257,
-0.002996407703775831,
-0.0037151811332823423,
-0.003536704641356948,
-0.0024784521798794697,
-0.0007754721915326847,
0.0011710463308000018,
0.002887642578288064,
0.003943076069001244,
0.004055915210373875,
0.003168560773531997,
0.0014684725236905345,
-0.0006502618038761079,
-0.0026774437324981553,
-0.004108772895339958,
-0.004570370136432526,
-0.003915291041088266,
-0.0022673893880874236,
5.907041482451414e-18,
0.0023475146593938093,
0.004196965849895958,
0.005072545102523303,
0.004721835570203957,
0.0031861878569249455,
0.0008013585757141558,
-0.0018742810063804571,
-0.004189008128522133,
-0.0055548961976635775,
-0.0055953281521530585,
-0.004246298862787516,
-0.0017848409440481196,
0.0012252933886007442,
0.004060707566730593,
0.006010011386745119,
0.006549819919378211,
0.005482146051040927,
0.002997856248490726,
-0.0003525986350799607,
-0.003778153444803445,
-0.006430761953239156,
-0.007611763891363494,
-0.006951594105108812,
-0.004517623541119683,
-0.0008202517009349602,
0.0032893488657063973,
0.006810450267943104,
0.008831001525465784,
0.00875737192158641,
0.006479236051016619,
0.0024258801534196616,
-0.0025059823267847476,
-0.007142950285742155,
-0.010305204965769662,
-0.011095904371001435,
-0.009141093480023654,
-0.004719139461422016,
0.0012587984698237721,
0.00742283731841312,
0.012242334874262559,
0.01438584701482954,
0.01306239343801611,
0.008262089442944322,
0.0008317507371643216,
-0.00764550387150482,
-0.01515502955857044,
-0.01968550986413933,
-0.01970638920640978,
-0.014584585734540807,
-0.004843216186917642,
0.007807258661233366,
0.020690671354905706,
0.030612465090627605,
0.03445623676283396,
0.029817319918010503,
0.015547255623538344,
-0.007905406334506784,
-0.03843687266977998,
-0.0725382149116926,
-0.10581946172703216,
-0.1337183220935858,
-0.1522656794184944,
0.8412338821863266,
-0.1522656794184944,
-0.1337183220935858,
-0.10581946172703216,
-0.0725382149116926,
-0.03843687266977998,
-0.007905406334506784,
0.015547255623538344,
0.029817319918010503,
0.03445623676283396,
0.030612465090627605,
0.020690671354905706,
0.007807258661233366,
-0.004843216186917642,
-0.014584585734540807,
-0.01970638920640978,
-0.019685509864139333,
-0.01515502955857044,
-0.00764550387150482,
0.0008317507371643216,
0.008262089442944322,
0.01306239343801611,
0.01438584701482954,
0.012242334874262559,
0.00742283731841312,
0.0012587984698237721,
-0.004719139461422016,
-0.009141093480023654,
-0.011095904371001436,
-0.010305204965769662,
-0.007142950285742155,
-0.0025059823267847476,
0.0024258801534196616,
0.006479236051016619,
0.00875737192158641,
0.008831001525465784,
0.006810450267943104,
0.0032893488657063973,
-0.0008202517009349603,
-0.004517623541119683,
-0.006951594105108812,
-0.007611763891363494,
-0.006430761953239157,
-0.003778153444803445,
-0.00035259863507996076,
0.002997856248490725,
0.005482146051040927,
0.006549819919378212,
0.006010011386745119,
0.004060707566730593,
0.001225293388600744,
-0.0017848409440481196,
-0.004246298862787515,
-0.0055953281521530585,
-0.0055548961976635775,
-0.004189008128522133,
-0.001874281006380457,
0.0008013585757141558,
0.0031861878569249455,
0.004721835570203958,
0.005072545102523303,
0.004196965849895958,
0.0023475146593938093,
5.907041482451414e-18,
-0.002267389388087424,
-0.003915291041088266,
-0.004570370136432526,
-0.004108772895339958,
-0.0026774437324981553,
-0.000650261803876108,
0.0014684725236905345,
0.003168560773531997,
0.004055915210373875,
0.003943076069001244,
0.002887642578288064,
0.001171046330800002,
-0.0007754721915326845,
-0.00247845217987947,
-0.003536704641356948,
-0.0037151811332823423,
-0.002996407703775831,
-0.0015784212293323257,
0.00017877457679775323,
0.0018439853564451438,
0.0030200952532782785,
0.003438259029912258,
0.0030187968131433055,
0.0018851344071637275,
0.00032872547771469233,
-0.0012653325613598773,
-0.0025131355019445234,
-0.0031240146472159918,
-0.002967816004074491,
-0.002101947051116679,
-0.0007527531101175525,
0.0007431397592109265,
0.0020224348429520238,
0.0027830526185695596,
0.002855117130686297,
0.002238441920830867,
0.001098358659692788,
-0.00027808067366802766,
-0.0015540462436010826,
-0.002425066975414114,
-0.0026914019027274422,
-0.002303511418544778,
-0.0013703590690711247,
-0.00012943895386564912,
0.0011133643496825582,
0.0020589270356161783,
0.0024866450863287584,
0.0023056428664865866,
0.0015736075046454536,
0.00047947436412304364,
-0.0007050413667302554,
-0.001692702874436336,
-0.0022502041359512078,
-0.0022530716393580736,
-0.0017131467910976716,
-0.0007726607324321479,
0.0003329222167245452,
0.0013336574653923202,
0.001990857410742523,
0.0021538466046982837,
0.0017942818453133918,
0.0010102763375728658,
5.11707828279094e-18,
-0.0009882230291298657,
-0.001716798461039493,
-0.002015837097581082,
-0.0018225944785192863,
-0.0011942622794979105,
-0.00029160775626085785,
0.000661973242760971,
0.0014356049713886176,
0.0018467014810494718,
0.0018039168825752666,
0.0013272076488764588,
0.0005406621313158645,
-0.0003595991468169243,
-0.001154195314342236,
-0.0016538316061448137,
-0.0017442757748123508,
-0.001412307043268633,
-0.0007467857298741435,
8.48939812159631e-05,
0.0008787819398221963,
0.001444283748016208,
0.001649816408049938,
0.0014532961322167707,
0.0009104265972665413,
0.00015924969205554122,
-0.0006148282321450847,
-0.0012247040440041593,
-0.0015267138091593488,
-0.0014543702462914742,
-0.001032804704846285,
-0.00037082863369931326,
0.00036701357132130365,
0.001001254624738617,
0.0013810773112366739,
0.001420090495166137,
0.0011158429881667402,
0.0005487024982715593,
-0.0001392098806871786,
-0.0007795452328268272,
-0.0012188534654302167,
-0.0013552815812805502,
-0.0011620852633610341,
-0.0006925523777121814,
-6.552822134960107e-05,
0.0005645740009521852,
0.001045731623449401,
0.0012649251918631782,
0.001174603616121867,
0.0008028250835934011,
0.00024495851014474614,
-0.0003606801146287269,
-0.0008670557900778903,
-0.0011540525766804656,
-0.0011568980467908663,
-0.0008806645175506361,
-0.00039763114089604626,
0.0001715102577584367,
0.0006877457097651293,
0.00102763962503494,
0.0011127912608516137,
0.0009278319418427214,
0.0005228538790337902,
1.166428777711415e-17,
-0.000512229547120992,
-0.0008905074293496066,
-0.0010463215156677646,
-0.0009466173135833123,
-0.0006206435064089668,
-0.0001516293821409705,
0.00034438993618012334,
0.000747230959105322,
0.000961636373238682,
0.0009397440931639774,
0.0006916648210251227,
0.0002818587599901123,
-0.00018752460478768334,
-0.0006020580690642218,
-0.000862890069119163,
-0.000910270084717914,
-0.000737159039798483,
-0.00038984432901622467,
4.432223117734373e-05,
0.0004588406350746226,
0.0007541469957907874,
0.0008614869191314756,
0.0007588637128054692,
0.000475377221591434,
8.314633402273304e-05,
-0.00032097915776587387,
-0.0006392935230281708,
-0.0007968207538819432,
-0.0007589264650597589,
-0.0005388310688265652,
-0.0001934218374534272,
0.00019138170952910682,
0.000521960048249264,
0.0007197366458692965,
0.000739815000000533,
0.0005810993469820589,
0.0002856361895394489,
-7.243763489953453e-05,
-0.00040545479792648603,
-0.0006336488618120652,
-0.0007042258306901991,
-0.0006035245888327588,
-0.000359479030307649,
-3.399403919956183e-05,
0.0002927104993104705,
0.000541839135465664,
0.0006549941548326294,
0.0006078217055054101,
0.00041515283569417186,
0.00012658195708925248,
-0.00018624462300920923,
-0.0004473845728998327,
-0.0005950071643799099,
-0.0005959977496432803,
-0.00045331837933068457,
-0.00020450642116712927,
8.813347456323028e-05,
0.00035309655833504346,
0.0005271228875580592,
0.0005702704580843811,
0.0004750325689822462,
0.00026743123219333926,
2.7085457857615946e-18,
-0.0002614716362654637,
-0.00045409640994782777,
-0.000532987845305184,
-0.00048168080861138603,
-0.0003154649009934206,
-7.698522128003861e-05,
0.00017465495379988288,
0.0003785150223991196,
0.0004865509833035242,
0.00047490609577773414,
0.000349112987224402,
0.0001420906817838599,
-9.441645330554468e-05,
-0.00030274350859550123,
-0.00043334190674114946,
-0.0004565370511766518,
-0.0003692234936788984,
-0.00019499955104512496,
2.2139622099451545e-05,
0.00022888042620813477,
0.0003756583329369246,
0.00042851699606436157,
0.00037692734984838463,
0.00023577564749923652,
4.1177755127657936e-05,
-0.00015872586524214719,
-0.00031565659484600745,
-0.0003928360495384028,
-0.0003735760555658837,
-0.00026482145195359504,
-9.49117235933487e-05,
9.376079772850028e-05,
0.00025530386255555483,
0.0003514680183101487,
0.0003606785260695512,
0.0002828299837236453,
0.0001387903338045875,
-3.5137776216108634e-05,
-0.00019634038672245474,
-0.00030631360537473516,
-0.00033983908738599334,
-0.0002907324427824837,
-0.00017286326965400284,
-1.6317594398882195e-05,
0.00014025214761996684,
0.0002591511806896168,
0.00031269842101778935,
0.0002896435394622433,
0.00019746451464231073,
6.0095286436731125e-05,
-8.825394771826325e-05,
-0.00021159604729543212,
-0.00028087905668633856,
-0.00028080638929051365,
-0.00021316976330411046,
-9.598071230532991e-05,
4.1282655124963144e-05,
0.00016506881141247292,
0.00024593676986646765,
0.0002655387483437897,
0.0002207503458092058,
0.00012402716093637802,
7.022132042033016e-18,
-0.00012077313619274773,
-0.00020931896666396348,
-0.0002451822097274624,
-0.000221125434248873,
-0.0001445223026238166,
-3.5195944713702446e-05,
7.96828370118824e-05,
0.0001723308425724795,
0.00022105578166568322,
0.00021531424168993614,
0.00015795035495001712,
6.415169563600265e-05,
-4.25379718461601e-05,
-0.00013610979451355605,
-0.00019441503068206344,
-0.00020438981393205278,
-0.00016495154262275973,
-8.693298252039438e-05,
9.849302858568756e-06,
0.00010160825803114287,
0.00016641770889652064,
0.0001894358549312551,
0.00016628046746174015,
0.00010379446984927136,
1.8089736948784978e-05,
-6.958484394809258e-05,
-0.0001380965025812605,
-0.00017150782736222723,
-0.00016276493433323513,
-0.00011514605756799697,
-4.1184638498983886e-05,
4.0603370877910086e-05,
0.00011033925008765378,
0.00015159933821497887,
0.00015526665913098722,
0.00012151726173800815,
5.951619259815066e-05,
-1.5039140408404292e-05,
-8.387669125132974e-05,
-0.0001306145648997114,
-0.00014464512205883463,
-0.00012352114246794724,
-7.331296976822203e-05,
-6.9084120361247e-06,
5.9277537136358594e-05,
0.00010934720978075399,
0.00013172563087946926,
0.00012181916330371738,
8.292127764980799e-05,
2.5197729739618213e-05,
-3.6950397459626934e-05,
-8.846620021953038e-05,
-0.00011727243283282344,
-0.00011708823825923298,
-8.87739691342285e-05,
-3.9922975792217856e-05,
1.7151881162883378e-05,
6.850808670836224e-05,
0.00010196746964759648,
0.00010999105617780015,
9.135942441648648e-05,
5.128894534727131e-05,
2.2798782201308553e-18,
-4.987584261504045e-05,
-8.639511686232475e-05,
-0.00010115057459271319,
-9.119193453912346e-05,
-5.9584319713960246e-05,
-1.4508139177961239e-05,
3.2843543688173445e-05,
7.103299593709607e-05,
9.112935501483859e-05,
8.878457797798367e-05,
6.515451261936627e-05,
2.647546700965963e-05,
-1.7566210949891535e-05,
-5.624870445267944e-05,
-8.0414177458844e-05,
-8.462551192105832e-05,
-6.837529287351051e-05,
-3.608207515890073e-05,
4.093942757850009e-06,
4.2302084511111274e-05,
6.940613308368035e-05,
7.915840362395922e-05,
6.962826001338969e-05,
4.3561502543649576e-05,
7.610655006280686e-06,
-2.9352449812976068e-05,
-5.841615901011224e-05,
-7.276751281083369e-05,
-6.92791058426105e-05,
-4.9177316423542716e-05,
-1.7652804734123837e-05,
1.7470024183801267e-05,
4.76657572070303e-05,
6.576771214699142e-05,
6.765942180256836e-05,
5.320103885122951e-05,
2.6184751225558473e-05,
-6.65071359967447e-06,
-3.7292437612229556e-05,
-5.839950804230289e-05,
-6.505261734901447e-05,
-5.5892349852606025e-05,
-3.338489050613923e-05,
-3.1667564271631664e-06,
2.735925120075645e-05,
5.0828906927409815e-05,
6.16843060739846e-05,
5.748234790832109e-05,
3.943785159643532e-05,
1.2082353928775318e-05,
-1.786763716881371e-05,
-4.3151770627723656e-05,
-5.7717302583047915e-05,
-5.816047268303324e-05,
-4.4516453016980284e-05,
-2.021592468314199e-05,
8.772704029891788e-06,
3.540212569539835e-05,
5.3251162446699974e-05,
5.806550203224978e-05,
4.876632588648183e-05,
2.7689031397777894e-05,
